Y,X1,X2
-27,11,-38
-40,-47,7
21,-26,47
-52,-12,-40
4,48,-44
-54,-4,-50
23,-13,36
-42,-33,-9
66,23,43
28,-4,32
-1,10,-11
26,44,-18
-25,-42,17
30,44,-14
63,17,46
-12,-26,14
95,48,47
-7,-36,29
-14,25,-39
-76,-45,-31
76,32,44
46,18,28
37,0,37
25,23,2
-40,-1,-39
-36,-28,-8
-32,-38,6
-54,-42,-12
-3,-25,22
-5,-11,6
-27,6,-33
-8,10,-18
14,22,-8
-95,-49,-46
5,-13,18
-30,-28,-2
-37,-17,-20
3,-34,37
-60,-11,-49
16,-11,27
0,-17,17
-10,-6,-4
29,-2,31
55,8,47
-55,-36,-19
7,4,3
-25,-16,-9
63,34,29
-54,-42,-12
-3,25,-28
-12,-28,16
-52,-48,-4
-29,-44,15
92,50,42
13,-26,39
-81,-36,-45
66,28,38
92,44,48
11,-14,25
-75,-40,-35
28,-6,34
13,-25,38
68,25,43
27,-17,44
11,42,-31
7,50,-43
-58,-39,-19
-13,5,-18
25,2,23
82,32,50
22,35,-13
54,36,18
-4,-31,27
11,4,7
33,31,2
36,23,13
66,25,41
-93,-50,-43
7,12,-5
-14,28,-42
13,-25,38
-57,-44,-13
-57,-34,-23
-35,-15,-20
1,-34,35
6,35,-29
73,33,40
15,48,-33
-23,-35,12
-12,-45,33
18,-26,44
-72,-43,-29
-36,-26,-10
-4,28,-32
35,-4,39
4,28,-24
52,22,30
-30,-15,-15
-45,-10,-35
-27,-48,21
59,27,32
51,28,23
52,40,12
-52,-38,-14
-42,-37,-5
-26,22,-48
-14,-45,31
27,26,1
-42,-8,-34
56,43,13
61,27,34
-6,-39,33
42,10,32
70,40,30
33,-10,43
-27,-34,7
-57,-28,-29
0,-14,14
22,39,-17
27,16,11
-49,-36,-13
24,-11,35
39,-4,43
-7,-48,41
18,40,-22
-15,27,-42
-43,-12,-31
-8,-31,23
-11,-26,15
-36,-1,-35
2,-19,21
-33,8,-41
-32,16,-48
-20,-24,4
4,39,-35
-7,-27,20
-7,17,-24
-4,15,-19
-27,-30,3
18,9,9
23,-10,33
88,48,40
-12,-1,-11
-40,-17,-23
-28,-28,0
32,15,17
1,25,-24
23,46,-23
55,8,47
15,-14,29
-48,-24,-24
-15,-50,35
-13,-45,32
15,2,13
-79,-39,-40
51,15,36
24,40,-16
12,-2,14
-66,-46,-20
-52,-29,-23
-43,6,-49
-3,47,-50
-34,3,-37
1,50,-49
-21,6,-27
-6,24,-30
-28,19,-47
-47,-8,-39
16,41,-25
3,-32,35
-17,-43,26
60,49,11
-13,22,-35
49,26,23
23,38,-15
52,32,20
1,-19,20
10,46,-36
76,42,34
-1,-18,17
-20,18,-38
-69,-40,-29
-12,29,-41
49,16,33
-53,-5,-48
74,43,31
67,38,29
69,50,19
-22,-44,22
-34,-36,2
7,36,-29
68,25,43
-32,-12,-20
10,-19,29
87,49,38
-69,-21,-48
-4,28,-32
5,0,5
21,-25,46
49,24,25
28,8,20
-7,11,-18
-67,-48,-19
-39,-9,-30
21,44,-23
13,-18,31
50,3,47
-16,-23,7
12,1,11
-54,-45,-9
-54,-11,-43
34,37,-3
-17,-22,5
-84,-45,-39
0,-17,17
64,35,29
-45,-47,2
-70,-50,-20
-90,-43,-47
38,14,24
59,13,46
54,13,41
-11,-22,11
25,45,-20
2,30,-28
4,35,-31
-36,-27,-9
-86,-48,-38
-12,8,-20
37,-7,44
14,-34,48
-41,-30,-11
11,1,10
-57,-33,-24
-40,9,-49
-33,-17,-16
30,34,-4
32,30,2
-34,-44,10
-19,7,-26
-17,-10,-7
44,33,11
19,20,-1
-9,23,-32
61,13,48
2,-5,7
15,15,0
-43,2,-45
57,27,30
2,-20,22
-41,-3,-38
-34,-18,-16
11,47,-36
-22,8,-30
50,26,24
5,-38,43
72,25,47
-4,33,-37
53,32,21
62,16,46
-62,-45,-17
-26,-18,-8
-22,6,-28
-39,-28,-11
-57,-25,-32
-35,-21,-14
-67,-18,-49
14,-8,22
-47,-23,-24
-3,-29,26
31,27,4
-23,1,-24
20,12,8
52,42,10
46,33,13
5,25,-20
-41,-12,-29
68,40,28
43,19,24
-83,-50,-33
-3,-4,1
-53,-16,-37
28,39,-11
8,26,-18
-10,11,-21
-69,-50,-19
14,11,3
-13,12,-25
49,0,49
-50,-8,-42
-37,-8,-29
2,50,-48
-11,-29,18
23,-12,35
77,41,36
-5,14,-19
-1,38,-39
-33,-44,11
21,15,6
43,42,1
-30,18,-48
42,2,40
-46,-46,0
12,44,-32
-40,-31,-9
-45,-20,-25
-48,-18,-30
-75,-29,-46
22,41,-19
35,14,21
25,37,-12
-39,-38,-1
46,3,43
-8,-32,24
-25,-9,-16
-9,5,-14
16,-10,26
-36,-48,12
53,37,16
37,38,-1
4,41,-37
7,21,-14
-36,-8,-28
-52,-21,-31
72,36,36
41,47,-6
-6,5,-11
21,1,20
37,49,-12
3,5,-2
-10,-33,23
-66,-43,-23
38,47,-9
7,12,-5
47,35,12
34,14,20
20,-22,42
-19,-11,-8
-65,-29,-36
-14,-17,3
13,9,4
83,42,41
68,18,50
3,0,3
74,29,45
10,40,-30
85,49,36
-59,-30,-29
-57,-38,-19
1,-45,46
-12,30,-42
-57,-17,-40
-18,29,-47
40,3,37
0,16,-16
-24,24,-48
24,-20,44
-80,-50,-30
-27,-35,8
44,49,-5
-4,-1,-3
30,26,4
7,32,-25
-51,-19,-32
-9,-10,1
-35,14,-49
-9,-50,41
-53,-42,-11
16,-16,32
-45,-49,4
-20,-19,-1
-51,-42,-9
-29,-16,-13
-23,-10,-13
-6,-19,13
39,4,35
1,45,-44
-29,-3,-26
40,-7,47
9,-18,27
62,42,20
-35,-20,-15
54,32,22
-7,-43,36
-39,-39,0
-15,11,-26
-13,-30,17
-18,12,-30
-53,-22,-31
